id,Class_1,Class_2,Class_3,Class_4,Class_5,Class_6,Class_7,Class_8,Class_9
1,0.0020461086281948074,0.5543640490761238,0.2730245078002288,0.1395814721854172,0.0014418392432403305,0.007325698873069334,0.016134034621718713,0.0036169372646616582,0.002465352307345366
2,0.0015487147940014944,0.0002793565280299317,0.000159579673330418,8.98056941109973e-05,4.1852925785042484e-05,0.0004008010445573092,0.00011029556528019284,0.9970852262468272,0.0002843675280776343
3,0.000583068328982897,0.006440735249714339,0.0015524437033711145,0.08635247928788906,0.00023289815669962972,0.9029121778423226,0.0007196858179869061,0.0007374643019165025,0.00046904731111699924
4,0.12457648671828696,0.07488754405804017,0.030143860032371527,0.020331001550455675,0.02469460979969898,0.03914993863046355,0.071273050364998,0.07898510485836749,0.5359584039873176
5,0.0010350473130025346,0.7893427990463155,0.17417152107168588,0.02652511209801858,0.0003299914436323715,0.00043827295406167474,0.005391412034068082,0.0010949917436143574,0.00167085229560107
6,0.0001559414332549343,0.9782129563132603,0.019169359751484937,0.0009512168669982544,0.0001910198973965565,0.0004092329980316676,0.0004485724051598166,0.00031016971243553673,0.00015153062197793845
7,0.005015675697290416,0.8974168035520713,0.05085495255350738,0.019789505765264163,0.0036881108827002147,0.002846113135086971,0.0023718784583632905,0.011202313172729643,0.006814646782986469
8,0.0004069744969259276,0.9668996966946056,0.027740124506356417,0.0037638712991251225,0.00018052354141647776,0.00023794715279744187,0.00026103238725069003,0.00013892794099436729,0.000370901980527904
9,0.001030445252365937,0.4254472130303879,0.5473515740698399,0.005735769385868239,0.0008410125243412734,0.0021223547435271985,0.014914768288448397,0.0010806312733525687,0.0014762314318686918
10,0.0025709380039333294,0.39031696443260583,0.530111315864795,0.05885501732254376,0.0010420728365886094,0.004091023116415637,0.004086649907226857,0.001881277398364422,0.007044741117526636
11,0.06004906823528214,0.006157871580752032,0.002914129484393304,0.004514908640273471,0.0018543399756330084,0.4538564518314266,0.004038901122635083,0.008940902338542441,0.4576734267910618
12,0.0023117002985027454,0.0007840246314453741,0.0006117733371108955,0.00016077083843722093,7.259172360503713e-05,0.0010913572288442858,0.00024133367719394997,0.9909414106753238,0.003785037589536707
13,0.001216679708906259,0.7267157289789383,0.24897084768768263,0.0018662109738525085,0.0008981334605043618,0.007617346967286617,0.003520856858436225,0.007415553385216755,0.0017786419791763874
14,0.00127670895802268,0.0004945434354476871,0.0006060301687939354,0.0002512371136206125,0.0001440594486679482,0.003526650707547234,0.003327184752394888,0.9897687165775547,0.0006048688379501985
15,0.0001731638775554925,0.00021043227015160018,7.492607244450609e-05,8.339473095093384e-05,0.9987334320864224,0.00022615265312894847,0.00027024780833399836,0.00015304038005125467,7.521012096095934e-05
16,0.0002011599990581606,0.002857056186771944,0.0017148030632660257,0.0024677576832342367,0.0001520395985076067,0.16827482519534998,0.8213605116607503,0.002776078968637931,0.00019576764442397578
17,0.00015195539384152865,0.00012420231315173532,0.0002824669661165729,8.739916775211913e-05,0.00016170740947565355,0.9984996047996235,0.00018668248354504247,0.0002325352994776538,0.00027344616701615616
18,0.0028559116487039773,0.5886582963820839,0.22746337302117142,0.1579332484023346,0.001350715561286171,0.010652825349389062,0.0022294759531419246,0.0025375835042659987,0.006318570177622903
19,0.011778168821558554,0.8887400349677906,0.0624656574379186,0.009568384480192139,0.0015855578632426872,0.004629688977660818,0.0027159664401059983,0.010446591017688245,0.008069949993842472
20,0.0006290406582026848,0.1256104953190505,0.8595469141668362,0.008227636574918772,0.0011010074427496282,0.0008716472997786989,0.002535036237774617,0.001219518302427827,0.00025870399826106853
21,0.0006105668138905456,0.0001801917721986362,8.873341325339164e-05,8.777420991121252e-05,7.226355492479254e-05,0.9965967045620021,0.0005031764043833538,0.0005027110352836101,0.0013578782341524109
22,0.00028572339307730046,8.687463817503003e-05,4.907035753427142e-05,8.145888446250212e-05,5.3977581241301754e-05,0.9977301752446195,0.0014014932959477944,0.00012631189539047549,0.00018491470955177004
23,0.0007487960201417377,0.337762979379906,0.6458230261401168,0.0006330944721852496,0.0004913248308523701,0.0068629926478817535,0.0018692127651908554,0.004939170623848473,0.0008694031198765997
24,0.0018250214748697494,0.0003252378492713942,0.0004881443050373829,6.0014257744155105e-05,0.00010377749677614795,0.006537588474214413,0.00581859276262794,0.9844896764949876,0.000351946884471267
25,0.00035273952115340615,0.0002005168243688552,8.463501361033908e-05,0.00011751868434790675,0.000490321202298888,0.9976418734670257,0.0004801414526300413,0.0005285526672455408,0.00010370116731917565
26,0.0005335393101324738,0.09734424006518934,0.8985503353676714,0.00046137461001167834,9.848419829280203e-05,0.00039246582640452206,0.0004517866019113972,0.0013431724793238882,0.0008246015410624614
27,0.7081886060758383,0.013152502523643413,0.007115388380219305,0.004388986414048136,0.0041394540144042355,0.04380661001818361,0.009244616124262117,0.07577002677450186,0.13419380967489908
28,0.040039200249685415,0.6270319906308491,0.05407165098034696,0.06427407704879741,0.011688445052964638,0.044339360060830876,0.059903768447796414,0.04168768357694434,0.056963823951784946
29,0.0019031437459061905,0.0004084783621572486,0.0009014857642442483,0.00023487200620454579,0.00010430254002021617,0.002211504209787633,0.9916599587701954,0.001580746357420104,0.000995508244064172
30,0.0007027857182575415,0.5116080802558425,0.3576852013238487,0.12294929748692689,0.0005085169209881866,0.0007823064991713369,0.004427424505307385,0.0006361080195500929,0.0007002792701074937
31,0.00022007679396670777,0.00025090311225714,0.00011693118122121815,0.00011350911261632352,0.0002836555716706507,0.9980496265342269,0.0006338780772446954,0.00020346250886109273,0.0001279571079353005
32,0.00033339340616450483,0.0009159434618598577,0.0016696062818251332,0.0001549004286968758,8.554421917227491e-05,0.0008417374844392141,0.001837682154900889,0.9939129185289732,0.00024827403396791224
33,0.000964830621161561,0.00019489514382039626,6.867421534784982e-05,6.0932596928249904e-05,0.9975539702922861,0.0001842397073263718,0.00014021094945685714,0.00027860630827354865,0.0005536401653990366
34,0.02021401539642541,0.18558996066127378,0.05491090877619855,0.05417658524411367,0.5188797924700858,0.07554892429154307,0.02090832821694053,0.039186433482079334,0.03058505146133987
35,0.0032193747839437954,0.7362184172605085,0.1712374317287858,0.05642365738791323,0.0012680572587857133,0.002060486283774155,0.025159999914964527,0.0026604878105663185,0.0017520875707579462
36,0.0024226436700343266,0.00037414929747315657,0.000724091546521186,0.00073092038904689,0.0002589009862412646,0.9594787815687539,0.021358651812317216,0.01175470589619759,0.0028971548334146245
37,0.0006502141241286992,0.00028551953606422293,0.0001416600349581295,0.00020865944970565207,0.00012753977484866665,0.9972535287684656,0.000625505359687169,0.0005121754498692825,0.00019519750227255645
38,0.008060499223381201,0.000628759562774131,0.0005017391266190385,0.00011153555468706964,8.861994710439189e-05,0.0027860618273414994,0.0006720452674157429,0.967591623783261,0.01955911570741601
39,0.0008296133170298748,0.7394355387310634,0.21490372134055308,0.03273705259431445,0.0008402641415963351,0.0017018270831687381,0.0033671654427995285,0.0027456325228218917,0.003439184826652834
40,0.00046241868975677186,0.000446778635733715,0.00015620095370276466,0.0001022581680642408,0.00012965714439338474,0.0002518914548520144,0.0001556235200385974,0.9948182294702386,0.0034769419632199117
41,0.0016129013119663411,0.37555526780305193,0.5721604696442604,0.02732478572259943,0.0031900466466103484,0.0016926748013316427,0.010581937942226664,0.004911601788007816,0.002970314339945531
42,0.03084477555289203,0.014041257399699948,0.006081627490088361,0.021005906563181066,0.004926964339415419,0.8740618998791465,0.010058856853239356,0.018591981209486984,0.02038673071285043
43,0.0050377879588393085,0.170904813556247,0.12477458436812874,0.00825735309570584,0.002850267167010878,0.3789206857486375,0.2990416106984437,0.0053468076980162935,0.004866089708970546
44,0.0007346991871270179,0.3611155974636858,0.6275860851167878,0.0004044336719334301,0.0006953203113581423,0.0027793428241362082,0.0032787587723741435,0.002636311090623987,0.0007694515619736456
45,0.0019167925351312007,0.00035224185714850223,0.00013642814539991004,0.00033899919015916075,0.0002049122038957432,0.9947061977501468,0.0003361417384670432,0.0005766935973029049,0.0014315929823488784
46,0.0010433367057570782,0.44419118529177065,0.27783083653974444,0.2694072928168961,0.0004827698012435616,0.0008976634598423279,0.004089293900899684,0.0008068905680537093,0.001250730915792548
47,0.003722487252757758,0.47901551313278906,0.4725236888726061,0.02065675494536646,0.0014215025443642636,0.0037147450511110496,0.01192542681417236,0.004063307648479917,0.002956573738353026
48,0.00014428367363120273,0.9846216732689284,0.007954510071495797,0.004949991063697448,0.0001951832153851547,0.0001729097069272801,0.0016961965285649044,0.00014056360444355848,0.00012468886692620858
49,0.00018808293027982478,0.8896399561673173,0.09524361168011906,0.012874287227817928,0.00019581575899261288,0.0003167058775508774,0.001105953957847657,0.0002400824444166425,0.00019550395565805828
50,0.00010966241191235016,0.00012979486699529657,5.885066820502424e-05,5.6675399946893795e-05,0.00013377967893890466,0.9990190985457698,0.00023014634367279305,0.0001847159832062208,7.72761013527678e-05
51,0.0035693373680276996,0.8246995926975585,0.14258191835965647,0.01674216081067057,0.0012359884478064863,0.0029298950289516554,0.0015536484424415326,0.002154021076463476,0.004533437768423569
52,0.0004750198336176771,0.0002770385325858667,0.00017140909175405195,4.781309172776387e-05,0.00013477603944755015,0.0003664590952626981,0.0002620672965350209,0.9981015357439279,0.00016388127514135184
53,0.000733843883496046,0.9636933713041202,0.02319729286392471,0.008054032818456795,0.00039933487405254453,0.0014471316281393627,0.0008342503213334368,0.0008557169175924652,0.0007850253888843442
54,0.007756704102341578,0.41463286099901564,0.279633239338208,0.21900362560676562,0.005143994353250114,0.018014065445723156,0.024696376035232243,0.01112370391538675,0.01999543020407692
55,0.0016574766004658732,0.8438128227298127,0.11662307036333326,0.03220689618565232,0.0005356651187190385,0.0010290401780037512,0.002173916576226588,0.0010657309231589763,0.0008953813246274518
56,0.00742984321094424,0.7025848585533971,0.2146803625489746,0.0031246529531994455,0.005272987956836853,0.028767239352120794,0.010728485248281227,0.017091552838870663,0.010320017337374959
57,5.271090650195706e-05,0.0002338201147823583,0.0002772843308700153,7.540321650073025e-05,9.066517594650212e-05,0.9989731391110552,0.0001380230999147909,9.604470033880792e-05,6.290934408964824e-05
58,0.0025376019670434362,0.0003209544150532306,0.00012772938392063214,8.095394650299247e-05,6.737722645590171e-05,0.0006595296580329693,0.00013224628134512554,0.0004823238546823485,0.9955912832669633
59,0.05569717842373965,0.165189262421485,0.06767498542341406,0.02409210868300528,0.005570925381419542,0.08663119274596533,0.043856196214076236,0.013087620869529117,0.5382005298373658
60,0.027335585635979112,0.01402839034680086,0.0021935380426582095,0.0021833064105482693,0.0022395491783649664,0.18076402103620004,0.0023767869294715705,0.6806436071444819,0.08823521527549508
61,0.0002320418559739177,0.953812143101769,0.04448049207887267,0.00041126469245606617,0.00012226785644106814,0.00019468322870908454,0.00022375346431095013,0.0003767636368247735,0.00014659008464240264
62,0.012821464303144393,0.010903164198681937,0.002092252237981719,0.002037225996979953,0.0007514507441455188,0.002681318005925816,0.001478427521901304,0.004496936721304148,0.9627377602699353
63,0.0022373127196880604,0.40013760163504497,0.5742721709074909,0.011822752213975754,0.0007270975142776929,0.0015759360170305781,0.004651230967599975,0.002451019584871099,0.0021248784400210363
64,0.0008562856974344278,0.00035450186644839015,0.00010289415982536103,3.4356391105402046e-05,2.1416108021882546e-05,0.0004865611220516885,8.031586610245926e-05,7.429458945406748e-05,0.9979893741995564
65,0.004213336479965212,0.44445097006614087,0.1974744588912144,0.0016080579602669608,0.0026334914589131813,0.008820478987831894,0.0039060830900759886,0.3344956561861952,0.0023974668793962746
66,0.0016771106310276677,0.024684016339398155,0.0962741954611169,0.003979891116698917,0.0004339675717883341,0.0013180245202898265,0.8707740522275428,0.0004374708927971672,0.0004212712393404294
67,0.004771649951622436,0.09904485464837604,0.4459469895951694,0.37432934323457245,0.0019297506163004267,0.011405095128444964,0.05354690910989759,0.004286551319126843,0.004738856396489909
68,0.0006383177476343531,0.0002471917843406891,0.0005985901318578614,9.030122512230143e-05,6.292238525121895e-05,0.00055780345914347,0.0006626318435836596,0.9969982623798165,0.0001439790432499545
69,0.00035943932521697024,6.654036495130038e-05,6.172989094464939e-05,0.0001609912713781309,5.765626465654633e-05,0.997901436605651,0.00023024245401652833,0.0007289138481198616,0.0004330499750650901
70,0.0009037212640241097,0.5254065953623496,0.36830323407629895,0.09874637532041644,0.0005516799811460811,0.0008501823687250233,0.003747331042587657,0.0007730896688569946,0.0007177909155951922
71,0.00012029586376976333,0.0006734944611460191,0.00025251019529840544,0.00021487947691604996,0.9982086624231441,8.503284073069072e-05,0.00026079305226436167,0.00011599636926325359,6.833531746720624e-05
72,0.0002551924274281274,0.00022464378112068564,9.878032834095772e-05,8.188797983685419e-05,9.149493534874566e-05,0.9983549421634096,0.0005189235679614427,0.00025641118124936513,0.00011772363530424951
73,0.0009771248620816409,0.0002844261531461519,0.00017398545371730446,0.0017996408230310994,0.0002147365584338836,0.9934572771788496,0.001455326819852616,0.0010825180127762915,0.0005549641381114159
74,0.0031694095367370456,0.0008232725249993775,0.0005373051700535673,0.0003938625961809332,0.0003894281432812327,0.021671140175411604,0.0018000475567032934,0.9689992327260051,0.0022163015706278917
75,0.0005383141819448374,0.0004910723702646465,0.00015682300654748318,0.0009686400024669924,0.9938077495926884,0.002256509165630337,0.0011499594828982313,0.0003959439519499978,0.00023498824560914117
76,0.0006121882033193836,0.25985806935871186,0.2481587498750486,0.4866579543183917,0.000278293057669672,0.00139690051438823,0.0008492946600075602,0.0015310506400765527,0.0006574993723865432
77,0.0017773067202512878,0.0005297087278877466,0.0003063998293434101,0.0006809578480696722,0.0002150532712968167,0.9946095489728293,0.00037534538663286816,0.0007695857855217223,0.0007360934581671884
78,0.00019923577784758062,0.00040298640998483225,7.602911843052823e-05,7.148403547597324e-05,0.9982169640723504,0.00010720577425759619,6.279641475621128e-05,0.000170883876928754,0.0006924145199681545
79,0.00020964695856295166,0.00015962295875530778,0.00014423424632822724,0.0001229239142320451,3.487517034042597e-05,0.00031733464174798695,0.0007725301477257371,0.9980400539596269,0.00019877800268036828
80,0.0007182434620986224,0.8808777332494079,0.10852182888832733,0.00546223523031437,0.00032006328425659996,0.0010496903813794708,0.0005097745190136691,0.0010290756403881546,0.0015113553448139344
81,0.005619755151286337,0.3991173713947507,0.04709305611511911,0.020160296671806622,0.4982041416661711,0.0035670622657560575,0.017370597498396662,0.0038168721237842734,0.005050847112929245
82,0.0020584639366334535,0.00046336904050457006,0.0003239711141872617,0.00010481495619588564,0.00018566383181804346,0.001360508169508236,0.00029739874986137296,0.00044751699738252283,0.9947582932039087
83,0.0046047850007132785,0.9136926791457625,0.031366031981978584,0.021330043513476924,0.0018973325128630073,0.006216714404827927,0.004407493470233406,0.004633477875241435,0.011851442094902829
84,0.001957242212558418,0.0008694195538553756,0.0004750714387316566,0.00036647631960989814,0.00021782275858231272,0.004104010300898598,0.0013714417736255264,0.9896541921959868,0.0009843234461514
85,0.0008348013835721827,9.067093487538559e-05,0.00018786312078427435,4.5807369499911066e-05,7.411447310958138e-05,8.909212458204496e-05,0.000216518596009108,0.9978839353836154,0.0005771966139521425
86,0.000941698716450071,0.0030753864859016525,0.0015568589418495128,0.0039057344452916106,0.0002264957295494764,0.9690620151295652,0.0006720447839847928,0.0005399468005334415,0.020019818966874194
87,0.0007426072063931831,8.682816563475666e-05,7.236409818507192e-05,4.8498258885917724e-05,3.826719807722192e-05,0.001546357482748001,0.00012553100339803886,0.997115312472177,0.00022423411450077054
88,0.0011818873352271836,0.5739190266558174,0.22588909901482385,0.1890671390753726,0.0012473272616937794,0.001673188077871848,0.0026994196948886677,0.0025630544548567342,0.0017598584294480212
89,0.017873158325470415,0.690641763484396,0.10621426083508322,0.05794050881329998,0.004601903494041999,0.019351970277927257,0.06101235806710236,0.015105269818068468,0.027258806884610225
90,0.019172978645032503,0.004144619237676503,0.0020066006661910874,0.0009266215731733406,0.00044543886017077964,0.008011554965986248,0.0015638281171037674,0.07742790587779853,0.8863004520568672
91,0.06407352138837903,0.003809986792647569,0.0021188624104590908,0.001627550137072801,0.0026272242726117227,0.01483700264493832,0.0022043154382071265,0.058462480950808984,0.8502390559648754
92,8.867232982250231e-05,0.05861404447090483,0.9406189034613345,2.9745701560117346e-05,3.123168921840817e-05,0.0002298701765712828,0.00016436316472967738,0.00014633522311894993,7.683378273976771e-05
93,0.0017155602297457444,0.007550043342073566,0.4579495969308027,0.01838605352781735,0.0020285857913056684,0.0008982092722057229,0.510150380241289,0.0010926901141573837,0.00022888055060282109
94,0.0028155079030380585,0.21432835283522442,0.40391375290112674,0.08099922056374513,0.0011002608577608953,0.003776745177431589,0.286732848110626,0.003503794698395465,0.002829516952651709
95,0.002002038629471294,0.0021269234766611413,0.001885045729931444,0.0005772220744673885,0.0004990366834259488,0.9863849387851673,0.003489937571195739,0.0019236360429639287,0.001111221006715885
96,0.0057395017754938065,0.5471528384493028,0.3721479778594213,0.04207876934073956,0.002034693859723238,0.005661967975330972,0.0027647185373761876,0.007097728760695328,0.015321803441916786
97,0.005817028645315844,0.865124920558147,0.056164047891615936,0.02090462354506321,0.0037067563247725156,0.008327040285714552,0.025161471141867932,0.007245586198318553,0.007548525409184429
98,0.0006126788805602259,0.00020849745438241023,9.59620401735048e-05,0.00011408470464358533,0.9959717307270608,0.00030803232457778486,0.0004226120380476808,0.001809883388715091,0.00045651844183901914
99,0.0076451193678645675,0.254930073258142,0.3679524079466105,0.17519738751556357,0.0030974387614660565,0.012396674432591386,0.16546835397719808,0.009154490618557875,0.004158054122005883
100,0.0005855905787989376,0.9634589192854266,0.0317137676312739,0.0018805342318030135,0.0003075784010735664,0.00044884265468107034,0.0004823686133387061,0.00039989655467776846,0.0007225020489264686
101,0.0006840442551494426,0.9780056116996406,0.012261808435580996,0.0058277555242630475,0.00021366633327382474,0.0011953875201013533,0.0008819507317827012,0.0005262878774881706,0.0004034876227199067
102,0.0016369333344885516,0.0011043407721393586,0.0004570988095801438,0.0016500433102209166,0.0005789225286351521,0.9850939865826763,0.0017008598543397022,0.005541638864316919,0.0022361759436029085
103,0.0002706389076670022,0.00019396566359505444,0.00010752107602067779,0.00032506027055718365,0.00010752089794768859,0.9971057848937107,0.0009583302597773143,0.0005402092754624408,0.0003909687552619847
104,0.0005331132121677393,4.546777727459304e-05,3.0049758518133384e-05,6.659649087810726e-05,4.9180994816117016e-05,0.9984494752658517,0.0003562117414938802,0.00035973543582225884,0.00011016932317757871
105,0.0020937145820455884,0.2367180057448916,0.33328575366576224,0.3956940723480159,0.0010422210737158905,0.00848854656148843,0.01743289487142809,0.002622531684671284,0.0026222594679809834
106,0.08047956290783834,0.06758258436208403,0.040635923545528745,0.03168574553523782,0.01695732632032849,0.5395069766652124,0.052171161600337586,0.10676181060744756,0.06421890845598503
107,0.00023964896232556284,0.00028026126849651275,0.0001234072847841739,0.00011010796817413194,0.00030207248664179513,0.9980061498884082,0.000593392912055117,0.00020947604911651126,0.0001354831799978252
108,2.6927033483758255e-05,0.013292472285296354,0.9428246324489438,0.04318625006640945,3.925790487624854e-05,0.0001730145560900478,0.0003077325406256912,9.634837179679044e-05,5.33647924778544e-05
109,0.08554258828291589,0.023145008959829103,0.01647260910310499,0.01104441116867208,0.006189583972657911,0.5240839811606085,0.1943764945497807,0.12565639191854336,0.01348893088388749
110,0.025592823600095942,0.02536738486071485,0.015587262055492873,0.04181306048245237,0.0060814753825415195,0.4171814492771279,0.3753872140327784,0.07947993917533762,0.013509391133458525
111,0.00037087713031845577,0.0001654508505888239,9.177712230675167e-05,0.00012693286204178535,0.0001662352006380618,0.9965768056649411,0.00016478215047411855,0.0021350260190925873,0.00020211299959829585
112,0.0003495376030233123,0.0015168411664268006,0.0013927430745212096,0.0003618253052222713,0.000167019213731148,0.9953675150205508,0.00044506717621107714,0.00030328920692811173,9.616223338529268e-05
113,0.0004809666666172184,0.007031041863091986,0.019117708060369203,0.0007523805489004425,0.0002005427956714187,0.0004607139859525381,0.0008615685412239428,0.9708616506091262,0.00023342692904725865
114,0.00017025963445699356,0.9865231904656375,0.011713649611773222,0.0009510858425418303,8.711849474747224e-05,0.00012549817991237857,8.353801347310638e-05,0.00011621123492937191,0.00022944852252814176
115,0.005099640646522057,0.4511396606604955,0.4833592288983099,0.0213442100672842,0.00301339476338671,0.01142581407103969,0.016337481956217953,0.0045831157283249685,0.0036974532084188202
116,0.00013894484771265124,0.00016351863889142024,0.00010211349958448214,0.00018656967042451268,0.00012976488424983052,0.9986892088669741,0.0002832720935836721,0.00015311520138821117,0.00015349229719107953
117,0.00024551190526553784,0.9124568234496088,0.07016705435164934,0.015577339333880655,0.0002330939512276525,0.0003089162785776508,0.0002373519217105587,0.0003774790673283704,0.00039642974075140017
118,0.001756685816893394,0.6359189266423497,0.34858169767031794,0.0037141930646932553,0.0012526923800820458,0.001860901597659422,0.0013510340228489487,0.001956692785230094,0.003607176019925271
119,0.0007242978717200771,0.3950173723665734,0.5887397849487622,0.010427009401484041,0.0004057798940926278,0.0008648836030058302,0.002661906327748853,0.000555810144576881,0.0006031554420361555
120,0.0012329735623593005,0.9517567542877509,0.024761753237679304,0.00772994325902613,0.00043542088359407546,0.0008983339147856093,0.0007802006112497638,0.0015156520022862458,0.01088896824126855
121,0.0858297952718824,0.023633598746212323,0.01811052945315139,0.004663082296174345,0.004931624615748016,0.018369894999198843,0.2950502402716763,0.5394539182197874,0.009957316126168913
122,2.989757950898622e-05,0.5551216407657026,0.44445985513467806,0.00017268098935124872,1.8528774497438404e-05,3.37022441211182e-05,8.74287282616702e-05,3.672021537384689e-05,3.954556850507387e-05
123,0.00020780465956322705,0.0003164671669714507,0.00013283936212050247,0.00012921438356035107,0.00032710516499744714,0.9978831756258827,0.0006124078666841401,0.00022662645030284523,0.0001643593199173538
124,8.767548418569902e-05,0.00012098901791909292,9.162024281322365e-05,5.238078232045336e-05,0.00015222749400121857,0.9986257363510903,0.000259621172661051,0.0002771664998367872,0.0003325829551721618
125,0.00021625930904016477,0.00026070260502529085,0.00011136277778533715,0.0001014145908433434,0.00027246508869487247,0.9981887961787563,0.0005354779753898502,0.00019126140453338514,0.00012226006993132986
126,0.0030145421586590866,0.0001314452567494731,0.00010798875014104272,0.00026368048701093545,9.255601429860882e-05,0.9863633216806149,0.000311364808950829,0.0003134614788617592,0.009401639364713353
127,0.0015364144002570376,0.9041939999750717,0.07517852133264082,0.003638406420392305,0.0007160364617826849,0.0016487160616278217,0.01066363810023517,0.0014176910486711882,0.0010065761993212183
128,0.00019521357822205914,0.00011503804344681962,7.216558672728123e-05,0.0001947841131639211,0.0001867134944416771,0.9987814713445757,0.00015728443689181132,0.00018473760390607413,0.00011259179862452852
129,0.00019518230062020052,0.0001028720177447188,6.063992252804155e-05,9.604915304068976e-05,0.00011388118943409133,0.9984912345097785,0.0001260721520823796,0.000710630644898858,0.00010343810987241239
130,0.000547819082015831,0.9932146947694689,0.003976453080140701,0.0002920568482819855,7.28468304519363e-05,0.00031739362644276205,0.0004762416730198886,0.0007149291810164133,0.000387564909161533
131,0.0002885989787406191,0.9786707204602368,0.01927626652514461,0.0006968590619740754,7.578868423182769e-05,0.00023011752227601107,0.00040193520674216925,0.00022259374802603748,0.0001371198126279176
132,0.0007746675175313644,0.9815923070973812,0.009922318673646985,0.005680367323064249,0.0002501360398673109,0.0006311233291649424,0.0005616463363051616,0.00021149744498164203,0.0003759362380569885
133,0.0003168233662162986,0.9794801280224168,0.01712085396742557,0.0016254159064220384,0.00018652982783796414,0.0002571085458105416,0.0002720063671834644,0.00029202361156181793,0.0004491103851255533
134,0.0001719689331530919,0.9467627545529386,0.05147661971342276,0.0006392638318735152,9.853678415341289e-05,0.00017649558834357225,0.0001793899252769736,0.000331340176932224,0.00016363049390572733
135,0.00042704056056307036,0.967077381229241,0.013613083582014567,0.01671938641361146,0.00014915794098159778,0.0005289425236143145,0.0006622228444106276,0.000507640440218223,0.0003151444653451911
136,0.000897619820679476,0.0004387364719170408,0.00018486330717748013,0.0005089441722673826,0.00012784315193907806,0.9953817951408332,0.00030440654783581796,0.0006810943213927655,0.0014746970659577088
137,0.0026540479812470325,0.00012912795760990209,0.00011361990043373887,0.00010879431350411406,0.00018040723529380687,0.9381714124483913,0.05625961696594031,0.0020674203550147614,0.00031555284256502093
138,0.5146941086992594,0.003353448463754134,0.0034452867009825507,0.004609430145999356,0.0009390974511317479,0.34348469865575615,0.002071411343223017,0.005713025283181491,0.12168949325671206
139,0.0001597436685366697,0.0002912142213212985,0.00014861096598824835,0.00016161629401315449,0.000188722992547719,0.9985841888884992,0.00013681313499171993,0.00017830659012477436,0.00015078324397722445
140,0.0015205755219355982,0.7849937660634277,0.18774891945444622,0.017661042626637993,0.0012757999358732927,0.0019819320631691982,0.002913893324036779,0.0010132683969759748,0.0008908026134972842
141,0.00035327105688670455,0.021740208265481828,0.7585980035785961,0.0015377004402344046,0.0001871397494505928,0.0007706248521223661,0.21578252124094416,0.000561601912963171,0.000468928903320656
142,0.16832143736803692,0.04033954527808106,0.034333052332193414,0.024468687490191907,0.002217987993656382,0.34298702533022485,0.11515290863525447,0.2693426903014539,0.002836665270907201
143,0.0008315867599480344,0.19615749242769095,0.7935340200060005,0.0003221109334720442,0.0006087487886271999,0.0017865053801203563,0.0031647812071111804,0.0028602318048763465,0.0007345226921535223
144,0.0010305590667782291,9.034662918036484e-05,5.582241232439877e-05,0.00010567649156998243,4.341666940474261e-05,0.9953457207050118,0.0002673023650201384,0.0006864426507614784,0.002374713009948891
145,0.015037947577139391,0.0003198293236685884,0.00026509462357182374,0.00020154177472093594,0.00013161853042141874,0.001710119413622915,0.0025475820745354157,0.9786423955533198,0.0011438711289997077
146,0.012646863027553851,0.007253682707222262,0.004102385564410146,0.0019333111156169195,0.004225811974677869,0.031731860873923316,0.0037385383522140735,0.9113074326072049,0.023060113777176552
147,0.0006698112984164981,0.8913333901454427,0.09477767403998635,0.00916463930444644,0.0005112009046496361,0.0010060466324582134,0.0006984733560571731,0.0006863601828180409,0.0011524041357251595
148,0.0034431988245608404,0.842629499668303,0.08596714808844504,0.05070018813052941,0.0015263267096476151,0.0031491550085742883,0.004155942628141459,0.003817736960840828,0.00461080398095754
149,0.0001632565647120135,0.00021531903176737378,6.706637365276262e-05,0.0001260467143105147,0.00018930823059082544,0.9984815884721829,0.00016724603538800678,0.0001755581528975405,0.00041461042449805237
150,0.0003579422759371655,0.0001174272378641856,6.317997014769715e-05,0.0003282610525867433,6.011908334832651e-05,0.9977528757860172,0.00018130471906648864,0.0005396118030026253,0.0005992780720296527
151,0.00018257997192377246,0.0008881820908011082,0.0051104787430772776,0.00024248880222235586,0.0003789859443160451,0.9917582874969408,0.0006784036053220533,0.0005800638632158352,0.00018052948218080127
152,0.00010935948465504882,0.0001418118798174804,6.784611105151241e-05,0.00019429356531570262,0.00017675258544991876,0.9990397594735095,8.286962210203534e-05,0.00011498293675702584,7.232434134161529e-05
153,0.0014316379530752768,0.00045604717924970287,0.0002546277582150885,0.0004479504407039124,0.0006263749675573761,0.9936842993415891,0.0006991315145500064,0.0012386549987707912,0.0011612758462887002
154,0.07112036485479782,0.02529357449957036,0.007680839744530794,0.005138651998386482,0.00527183757473474,0.3087734875999104,0.006470535426219112,0.03622076254250286,0.5340299457593474
155,0.0001763547967109706,0.9872035577919319,0.008207077256347438,0.0032280153624272266,8.935854548320218e-05,0.00023235285233123894,0.00027635714163976965,0.00015489330178008185,0.0004320329513481699
156,0.00018487361132600103,0.9638156658282189,0.029448180020837832,0.004163047518244064,0.00024907689380133317,0.0006671227757041986,0.00031216173316568624,0.00023268481591194923,0.0009271868027901195
157,0.0020500880379122764,0.6750491269525362,0.04757624890610211,0.24713193051844692,0.0035216894605737494,0.009057784707533198,0.0017448512026860131,0.007325825099285593,0.006542455114924129
158,0.0005017841933219829,0.044620451184712306,0.9474050730061766,0.002427034763935819,0.0002560171623591947,0.0006617800823784253,0.0025147306532924147,0.0009126224857106457,0.0007005064681125732
159,0.024207457790521626,0.003508764864979088,0.001996808148128655,0.004015797268386523,0.0010018389116531316,0.9039508342496534,0.0038414741817607446,0.046531241604038626,0.01094578298087811
160,0.0010944406941112569,0.9431038421520087,0.036656585848131945,0.014279754342438429,0.0006803969756100451,0.0010382385736703993,0.0018114243776543113,0.0007272134827305326,0.0006081035536443345
161,0.00025991156244696627,0.18749020940190317,0.8064060402774288,0.0006173250429384626,0.00046969036265924973,0.001700202381124531,0.0009042809093814792,0.0018165349911557706,0.0003358050709617878
162,0.0004124267386614207,0.48526819582221103,0.470139672423083,0.04105402731490317,0.0003175733345854902,0.000440258545348804,0.0016154330567495576,0.0004019653308283121,0.00035044743362917455
163,0.0011258659079194566,0.946504411168919,0.03678100511596124,0.007857730769928085,0.0009528521554817105,0.001551102616271583,0.0017997497283882998,0.0019351317990606693,0.0014921507380699587
164,0.00022090574125215455,7.998821702973912e-05,6.85237408673803e-05,2.7850877386384814e-05,3.811148891876064e-05,0.9986419671827869,0.00015245004651037397,0.0006728079410729738,9.739476417539264e-05
165,0.00018067352685185745,0.00036413783986652637,0.00015747848917356232,0.00015068909592003897,0.00025472899219266214,0.9969188087800449,0.0007522041471635239,0.0011156243165963455,0.00010565481219061935
166,0.0005485183069518385,0.00015666231552158692,0.00020403595760487138,2.6519239219175693e-05,3.176286051126513e-05,0.00013201624545244967,0.00021160589550056968,0.9985277401099792,0.0001611390692590226
167,0.001170634254356726,0.17371227728611213,0.502887049410489,0.03624132476268484,0.0004144228486939038,0.0020261057250492037,0.2809756911253523,0.0021707674972062997,0.000401727090055569
168,0.000981632293232417,0.20249185363504776,0.7895436564216454,0.0031946066648279384,0.0005544076977309868,0.0006523883581876206,0.0013311016644427032,0.0005272076974342176,0.0007231455674508855
169,0.00013227409474322557,0.8572923926333036,0.13156208126880045,0.009921696811956184,0.0001411370310164653,0.00016938739743698527,0.0005074367322698787,0.000144227181058248,0.0001293668494150795
170,0.0003166829749660077,0.20467970593223,0.7910213563366171,0.0019519352144125503,0.0002633193751994136,0.0003754069336018326,0.00047901765716838876,0.000323293433212661,0.0005892821425920633
171,4.982021107672426e-05,0.0001362235943042628,0.00019013000315705242,9.760329392220295e-05,0.0001329677584507349,0.9986449821176749,9.291613590182826e-05,0.0005064212650333469,0.00014893562047895592
172,0.00034480814199430227,0.36630459477748784,0.6139807305890536,0.016816708650048657,0.00025208389453380234,0.00032826659899838645,0.0013025964290278842,0.00039271418076681434,0.0002774967380886464
173,0.0034350000389458484,0.4306171363669581,0.4217123122650067,0.10158864555697208,0.0020863158993088735,0.004050515033206629,0.031032703496801185,0.0033359313011066894,0.002141440041693915
174,0.003618596350287262,0.7425689059196684,0.10523926947388089,0.007299054169973412,0.0012941328986220625,0.004515618744737562,0.13152044964635087,0.0017450271399487925,0.002198945656530758
175,0.00015278192299513545,0.0002948969378335776,5.798483816099423e-05,0.00018064127133360773,0.9988492196842149,0.00012537366369003391,0.00010865450108577215,0.00012201491252629967,0.00010843226815963756
176,0.0010952230924589563,0.001272294423035828,0.0004112903819498243,0.00047550520457390874,0.9922166979192171,0.0006573615624782926,0.0023762938719109317,0.0009226232110251517,0.0005727103333502049
177,0.0005466160091090709,8.784833581786386e-05,7.361406397818479e-05,3.636706890513687e-05,4.68440624285839e-05,0.00041758545299463865,0.0003963210249744347,0.9965250600482104,0.0018697439335818337
178,0.0017128093848462881,9.002350704139942e-05,6.645487549944316e-05,0.00015144615061232276,9.538749991130238e-05,0.992023085112053,0.00026756854389724786,0.0043796135323306415,0.0012136113938084098
179,0.009433892448499346,0.001951409232525122,0.0038913971009023715,0.0740500065217334,0.0008449440158569988,0.39656491398499,0.0123178968671606,0.0033122969429976875,0.49763324288533445
180,0.004222783326193989,0.6896059293947912,0.09397982288244393,0.17869538849486039,0.014422092544946412,0.0037902440254766042,0.0055377408407262145,0.005091321842188852,0.004654676648372482
181,0.011887103147261224,0.8640657666492547,0.01637631753880394,0.008479534261060483,0.005938911293170533,0.024347202361966604,0.01310279833785639,0.013844859688716255,0.04195750672190987
182,0.0001711084596364481,0.00020341825308604544,0.00013581489489135668,8.4622421128162e-05,0.0001745238622206813,0.998591448206542,0.0002164426111767952,0.0002444664692584321,0.00017815482206012752
183,0.00033880577583514127,0.9115581386082054,0.08038022440626288,0.005840563368828943,0.00020747242679455155,0.00038749667913823575,0.00022274912194864625,0.0005725236117162194,0.0004920260012701324
184,0.0005803857764313659,0.9115621659139876,0.07658605182386746,0.002233262691043042,0.00041842566048177235,0.001526965424127223,0.0012566386354994556,0.004918924422599038,0.0009171796519632618
185,0.036242596033071596,0.04142503269487158,0.2643588136715422,0.019312259520313537,0.003662531029230088,0.11223724819057526,0.46100465960146764,0.027291790835433927,0.03446506842349416
186,0.0016786695630960687,0.45066790727953593,0.47183133282899614,0.049770301769389694,0.0010936871711171954,0.0043053119720533545,0.013990372233918734,0.004684454285752685,0.001977962896140401
187,0.0012648368043660025,0.0014493571506667298,0.0004050352849209337,0.00040375920182343764,0.0003667234650866315,0.011184863495556764,0.001824109336046167,0.982122964369525,0.0009783508920081178
188,5.4057270774088814e-05,3.0871906562217395e-05,2.6204038902140717e-05,1.3309789833585538e-05,1.0379128775509782e-05,0.00013400959048545552,1.6171327763715035e-05,0.9996337030805851,8.129386631808684e-05
189,0.0025424345410315096,0.00584301989961076,0.0005186129396282434,0.001728604763334739,0.0003881695094547029,0.9822540215399345,0.0009819546696515,0.001142222475357719,0.004600959661996327
190,0.002216778985078564,0.8362074361443512,0.11130169191624581,0.009451938000686354,0.0014406016257167784,0.002798103485037476,0.0327796357749579,0.002059518852094257,0.0017442952158319529
191,0.0020877813664180443,0.00013605662554362603,0.000116303411724116,9.073357886524907e-05,7.669776441608462e-05,0.003332855404836681,0.00012519257781346801,0.9933667515853757,0.0006676276850070505
192,0.00023448702563644435,0.0002774447231954597,0.0002130031192455986,0.00024529793568401167,0.00024383062079377096,0.9973374424568354,0.00026655294533189217,0.0009567788128226103,0.00022516236045480272
193,0.00010559611082142979,0.00010228105478617347,5.491723072249982e-05,6.631388971834915e-05,0.0001301766113949309,0.9991564600442989,0.00011583053860683873,0.00017519223745233854,9.323228219874838e-05
194,0.00035276368807137865,0.08743145312717311,0.8989843386419144,0.0005004864008834498,0.0004360507743980501,0.006113801129606422,0.0014791785558688705,0.004274839605568076,0.00042708807651637733
195,0.0007595491903335265,0.0738251653319206,0.9099611348084613,0.013034193529879562,0.00019864415263925843,0.0002717874397955864,0.0009085509129237861,0.0006847514850957065,0.00035622314895074564
196,0.0009593379128862631,0.00044010218214606515,0.0008404470808325278,0.00011590570571015879,6.73953423800329e-05,0.9882719241469082,0.006975281773898994,0.0019383941435078534,0.0003912117117297451
197,0.0005635712531797788,0.00034992345375049186,0.00015664181199607276,7.690202504077401e-05,9.920553759822197e-05,0.9978760549735881,0.0002432883844725172,0.00030910640776224977,0.0003253061526118574
198,0.0012745559801664958,0.0002734211849086717,0.00020961026622057848,0.00034479458941305156,0.0002334526026233265,0.9954393156509471,0.0007206617588433566,0.0004433840985985437,0.0010608038682788602
199,0.001256141645566389,0.9093078824740002,0.06918989886730852,0.010663711627520436,0.001057994630070176,0.0014167233083883255,0.0011923709700168907,0.0012687069976449184,0.004646569479484036
200,0.006313785618769894,0.91117518494532,0.053692068318956926,0.009515236511820386,0.001027684360861114,0.004638912760025207,0.0033859813411435693,0.004210725691622783,0.006040420451480131
201,6.71305329008583e-05,0.0014173326661488994,0.00046145310000943673,0.00012165813497211723,0.9975787644413627,5.676918271816975e-05,0.00010539599954318145,0.00010949100573651632,8.20049366080878e-05
202,0.00013280003210563516,0.00013710057459935011,6.624598213335857e-05,6.856414843732836e-05,0.00014188995929659016,0.9989242467830811,0.00016382712848448755,0.0001520687217401242,0.00021325667012211778
203,0.002928673554842446,0.00138618055637637,0.0020174991032627576,0.0005015067958455324,0.00033923838895317436,0.00669295391537751,0.011416763001195011,0.9711391420645711,0.0035780426195761205
204,0.0015877447168504398,0.0005178892794874272,0.0002735431293500143,4.769514381699056e-05,5.057312380446181e-05,0.0006273446342734894,0.00018519089714209163,0.00393988849329575,0.9927701305819794
