id,Class_1,Class_2,Class_3,Class_4,Class_5,Class_6,Class_7,Class_8,Class_9
1,0.00896658989062826,0.3166770918103327,0.4053337818261246,0.1205495739823115,0.00045797158780850396,0.015340866151700019,0.13016439608456204,0.0010952556783973293,0.0014144729881350783
2,0.007290736910962972,0.008642725493636948,0.001746192692922342,0.001735573599200022,0.0007597792063133862,0.003990789041637345,0.003042600946754765,0.9706118300650309,0.0021797720435412678
3,0.0005300469842010595,0.013171983527509977,0.0007507381820990098,0.12733993689857329,0.00012943803638890302,0.8525831950912585,0.0041262683393904044,0.0008495881771135555,0.0005188047634653832
4,0.06180939542547465,0.2659721493277176,0.04818542771321822,0.0001939738917241036,0.0126485277034998,0.001762568070991596,0.009728329114988788,0.09101703034294399,0.5086825984094413
5,0.0015557573994182934,0.6239368937110746,0.25470359839619977,0.0926270539020447,0.00045705920407382766,0.0011555256253237285,0.02441665311732567,0.0003602556439495515,0.0007872030005897932
6,0.0012703312400529655,0.7903497128213298,0.1652153484180635,0.005433238934095303,0.011786655411665568,0.004801337070507251,0.014203652861243808,0.005406556201230349,0.0015331670418113387
7,0.001667355268122985,0.7440635879345409,0.193169000582241,0.05346934939343407,0.0019348020125252213,0.0005549952788398378,0.0007349330596180286,0.001536179587264332,0.0028697968834139162
8,0.00093129905090911,0.6587851110563882,0.24228162918046967,0.09053096152928992,0.0018706794363105674,0.000568128869455606,0.003772919733186778,0.0004915621153630721,0.0007677090286270954
9,0.0013333418981398937,0.4022402343174124,0.4805685972720274,0.052808609669167644,8.125029925798963e-05,0.0014153672342906909,0.060996188463413474,0.0003875003923700156,0.00016891045392033316
10,0.0004953559799367881,0.48406181590768543,0.40328155151499345,0.10388452093475727,0.0018956697223789492,0.0007121789426132673,0.0020242409886617545,0.0010627396292594966,0.0025819263797137474
11,0.05773772933453356,0.0021100524014675023,4.70230635742588e-05,0.000459054263461404,0.0001299036446128713,0.5800937137707171,0.002970742651875125,0.0007807395061286592,0.35567104136362954
12,0.015946838563293063,0.004790706019383145,0.00959861872521092,0.010083984874359906,0.0004281852358229402,0.020155070558142474,0.003669053169526455,0.9068715405070792,0.028456002347181954
13,0.002247189594579086,0.5136765145829286,0.4020560677864775,0.001390999410814259,0.002613594941571764,0.019048087620074015,0.018003818001804107,0.0398842224646855,0.0010795055970651013
14,0.04349818912882758,0.019252330140078905,0.00797059621431982,0.0003044040155850887,7.987271657456807e-05,0.040199845938008565,0.07927683814152714,0.7928518077598337,0.01656611594524465
15,0.0025734612904219057,0.026278578177113956,0.019517985002880107,0.005401633215446234,0.9318236156967346,0.004497406218840475,0.0043589022612686495,0.004276984498399484,0.0012714336388947552
16,0.0005656539337776812,0.014336187715713957,0.009404655291809866,0.004330173237282768,0.0007261225755093951,0.15138760480210278,0.8102838664708578,0.007544129140201043,0.0014216068327445595
17,0.0007740445363297249,0.002997738695771366,0.02360421979827299,0.00041782577587019847,0.0002739474836343897,0.9604745372208642,0.0012454206214514197,0.002018274905589181,0.008193990962216607
18,0.002201341768030382,0.6136749784529695,0.26604707825867946,0.06889271490940423,0.0036433844218113957,0.01875514197643798,0.002418738773494932,0.006011266703776905,0.018355354735395273
19,0.02071384390195986,0.7543867699527347,0.1307976677320129,0.008210879657657355,0.011517423511694349,0.002772359788992671,0.00210606342129675,0.041455825039073024,0.028039166994578653
20,0.0005713003165949649,0.5765479213628849,0.2435268023347728,0.15685262945086717,0.0003673390444589161,0.001553939952544255,0.01928681309716259,0.000555709147140754,0.0007375452935735683
21,0.028315839263095145,0.0009706786820867788,8.490630523751311e-05,0.001182437346316179,0.0003653997889620081,0.9310951357861703,0.003948221107993779,0.0008715379705415108,0.03316584374959695
22,0.021940771759395114,0.0057002460883148025,0.00011141488903298849,0.0007640089170512335,0.0003364416129815408,0.9442539399206489,0.02365040232899867,0.0013947239871475428,0.0018480504964290085
23,0.0026722626147315347,0.49398240006267546,0.4214930056622152,0.001306310007884245,0.005788328201326203,0.026610369033954362,0.01258484157508774,0.033663878858821356,0.0018986039833037442
24,0.013344265517894575,0.025205017421158903,0.026068472075744597,0.0004052190154156894,0.0005680567435516999,0.038598377036064335,0.07958363991963217,0.8102210450443975,0.006005907226140509
25,0.0032938226594608822,0.0008082071706241025,9.463557788670035e-06,0.007845464094472399,0.0010454100508621822,0.9811274816010852,0.004479648167907436,0.0009594653989642923,0.0004310372988348693
26,0.001336309372382155,0.635352380504514,0.29719619522958546,0.0587825270108295,0.0016165879351936322,0.000563770669052842,0.0007936846220146674,0.0017544487181874728,0.002604095938240092
27,0.33041689757879406,0.0402230911687031,0.00058074740676576,0.0020567072783881945,0.0009445593751226014,0.15376454036660445,0.014973849286272711,0.28981648664141285,0.16722312089793637
28,0.005847909706668712,0.8291622817567759,0.05820483996857733,0.016300917021827514,0.0012265237516085777,0.012273303418409244,0.013786003026154063,0.01922977489522503,0.04396844645475379
29,0.029087754429467896,0.012193818608696163,0.021742611253585432,0.0002810033556376312,6.345070074167717e-05,0.052493506103320736,0.8706440507932672,0.005907100568948181,0.007586704186335191
30,0.00013517466210406743,0.4622020388657334,0.38899251553652775,0.1450916883730096,0.0001835703375351458,0.00017168290654923682,0.0026374414040652504,0.00034319484398447677,0.00024269307049105856
31,0.0003042768301571402,0.0033795198997678623,0.002819813294564264,0.0004210037405635547,0.00037671613186847336,0.9870407796615762,0.005353593868338758,6.26332021970856e-05,0.00024166337096636543
32,0.002719529255431147,0.02650529664909132,0.046727295706800606,0.0002927746820866964,0.0006128359427480209,0.02594027101300294,0.08265102262372663,0.809931537252502,0.004619436874610428
33,0.010682841954707586,0.04107409564364498,0.011773140430482013,0.0024506694537096154,0.9104226197236818,0.0050777979724959035,0.008116690318847411,0.005752614792266126,0.004649529710164617
34,0.003017629444578462,0.08477425101687915,0.004331535616831922,0.11516524756205579,0.7540932781904399,0.010271962856637411,0.00814862305328922,0.013073828337835174,0.007123643921452977
35,0.006192638455740343,0.6151756778726498,0.24551184494198705,0.06831397527234144,0.003957789989482621,0.0022818769719283394,0.05118836337661274,0.004283092840379259,0.0030947402788786224
36,0.007009754838487527,0.00044929548964832487,0.0008778672927990449,0.0005087185093364249,6.640765253492906e-05,0.49161640690016956,0.03261290757624278,0.46579512046708005,0.001063521273701397
37,0.0038947479365195317,0.002345071180124558,5.247759491909365e-05,0.002446302336685683,0.00044816418628495656,0.9721954598755368,0.0054199894407997275,0.01197480547041195,0.001222981978717809
38,0.027399315382289013,0.001558370715527366,0.014276560887773949,0.001908847317733051,0.00048025637479941414,0.011040155501540819,0.008031427238526491,0.886864338826131,0.04844072775567878
39,0.001743704775870991,0.6334299619263514,0.33412354980929004,0.016119528987679134,0.0025119208250567837,0.001008528851010895,0.002516460662858743,0.004890047421718939,0.0036562967401630865
40,0.012567251537165777,0.012056352334848818,0.030489676225199377,0.0008374672018189888,0.0017798567075718863,0.0006457793565872448,0.0037983212382671056,0.7911514533886206,0.14667384200992029
41,0.0016370754851952676,0.4040835958029493,0.492849513194722,0.08722879223582541,0.0018113814371907204,0.0017650571991976586,0.005026820855572752,0.004425809781457157,0.0011719540078897193
42,0.0038826962503092795,5.56755812815018e-05,2.3190937550786474e-05,0.29389198507899283,0.0003685291373091827,0.47200973102899424,0.0005454997610447415,0.015878231337724768,0.21334446088679268
43,0.028058019961420908,0.4378947375235569,0.31577986649657147,0.008759149132629948,0.00048557211327342653,0.11217285065174575,0.06415978292736339,0.026733294375063523,0.005956726818374774
44,0.007184806503670763,0.47492236139215677,0.4226654840322641,0.0005177087453300339,0.006290400058553689,0.013493933955898218,0.03399435915879139,0.03921064812200685,0.0017202980313279998
45,0.023941849864670597,0.004098914016550602,7.281680958099166e-06,0.004486174108149653,0.00029999317757780204,0.9558512148237694,0.0038553067591067572,0.0027513910226418885,0.004707874546574936
46,0.0010384874765030877,0.49232421953430267,0.30315218648854947,0.19137836970567876,0.00023086823231846092,0.0012364529587611513,0.006646499181242341,0.0018380391198104388,0.0021548773028335615
47,0.00146221529735182,0.7605648289661466,0.1562304416079183,0.06958579064223917,0.0023098709620416272,0.003679573451843036,0.0018558466679581124,0.0028695891903661843,0.0014418432141348905
48,0.0011626643412552772,0.7424367905379958,0.17197938076356478,0.06907199308588133,0.00320214667633037,0.0006771705058294123,0.009543932849798209,0.001098756481146412,0.000827164758198423
49,0.0013516520542792823,0.506931084425681,0.352068003571349,0.11806952912802583,0.00046383558193992367,0.0013114626831781987,0.019131730726646506,0.00046936161359742277,0.00020334021530290378
50,0.0005948544621578321,0.002697777928358318,0.002774319696198644,0.00042754776161431926,0.00020133289062021736,0.9879761704665023,0.0021209871062757573,0.002564357353726077,0.0006426523345467496
51,0.0028085596749222713,0.764891073369192,0.1536324888838274,0.04642554302896018,0.007814601541300904,0.008139701582255212,0.0012433933483432015,0.0048660889692376105,0.01017854960196118
52,0.0026865391511680407,0.012102088317716142,0.05652286904253055,0.0003243595617420074,4.553211167279209e-05,0.013744242918123222,0.02560012472691104,0.8759513398956882,0.013022904274448133
53,0.0011412591617589109,0.7875789317975402,0.12062726219762171,0.06002720896397492,0.000435078535843675,0.008428817598591001,0.0059097050481083414,0.008547676468099692,0.007304060228461435
54,0.0024567098249070043,0.5040524204658976,0.35717405471291785,0.08298042143084784,0.00037385583890385267,0.0033100215817360515,0.020855282161350158,0.00975848364088028,0.019038750342559287
55,0.0022542067494996064,0.6945939976116884,0.20889112721375402,0.08604124281186984,0.0015592817288864616,0.0009243104337559712,0.003606139500252873,0.00100621953885996,0.0011234744114327492
56,0.003673969286859842,0.37956632703311377,0.5433715163901842,0.0008649427828008598,0.004889295306731224,0.030262855234530137,0.011418938494802472,0.023628693308752752,0.002323462162224731
57,0.0012714917781946878,0.005181968505934771,0.00309768147558969,0.0004720534029485635,0.0010389816710720688,0.9760959591481861,0.0017627866294492335,0.007728492931894224,0.003350584456730406
58,0.050999344726348046,0.0022987916676141533,0.01680442847018027,0.005768815740883737,0.0034512623735061284,0.015431014844822358,0.0020467248540079943,0.002849559419140639,0.9003500579034968
59,0.0034331526674900715,0.008726469445168363,0.015382415914377544,0.03052756340980895,0.0006588726651500812,0.04965125438468783,0.011511269872945307,0.013387379780176055,0.8667216218601959
60,0.13860717339311765,0.041957859563441134,0.011735024531929341,0.000980768000438251,0.001819179531564994,0.34166423932265894,0.014960361499389873,0.3589781545031909,0.08929723965426875
61,0.0009587510781881488,0.6607392109078257,0.2921866129835086,0.04101475367070289,0.0011197928322661153,0.0006299547184067605,0.001067699776531727,0.001335321237814571,0.0009479027947553892
62,0.05621918269643191,0.13122913553852802,0.008965409946984342,0.0037283023958423213,0.0008020196204461834,0.0035192405602631296,0.00045467992179204665,0.030926562714793538,0.7641554666049185
63,0.0011402773325754631,0.38481471283912383,0.4878864189158472,0.11473407609202341,0.0016105738704507771,0.0006851599903284214,0.002575314422344194,0.005232522576092391,0.0013209439612144407
64,0.04530493524117358,0.022610518730672973,0.006054956449264657,0.0006243970015168908,0.0010385286912529153,0.0578895274936642,0.011933371633019389,0.003956366173159063,0.8505873985862764
65,0.007034408885521353,0.37067969514903354,0.348134972070323,0.0012740327731991618,0.009050935909261246,0.0034704674578995096,0.013710296849302217,0.24330081150021962,0.0033443794052402166
66,0.04135248580675525,0.5411626134490997,0.08528014036828953,0.0020561342633968697,0.0020484323731355314,0.008739786308755373,0.3001086930726839,0.002878591561068992,0.016373122796814934
67,0.021334889428247805,0.18932654833275755,0.5276046617720754,0.11242343634445383,0.0004974710176990582,0.011092127521669097,0.1317662483104693,0.0030193352564898647,0.0029352820161380926
68,0.010032164292949605,0.012104839727547957,0.0031914818928603585,0.0011473350504935648,0.00023461106167722056,0.01422887718120359,0.010822667796070908,0.9444634105291854,0.003774612468011324
69,0.0015243636285229775,2.7425340415685247e-05,3.075503649259002e-06,0.08725885309842848,8.149149339198739e-05,0.9055917559027439,0.0021058461259838204,0.002967050186071585,0.00044013872079242886
70,0.00019630674151731282,0.4603082743605044,0.35722936800581556,0.17596479687402233,0.00022839950012353238,0.0005225376260647186,0.004205456054467433,0.0006310043379531498,0.0007138564995315616
71,0.002082031437611409,0.02850137679251553,0.028943171406451185,0.008048598519937526,0.9223387478447119,0.0019403665371038798,0.0031567174134490856,0.004133243011903496,0.0008557470363161882
72,0.0039744871085111285,0.0006945583143631883,5.345430852883448e-05,0.000651932833582805,0.0003133563147221551,0.9833686314516646,0.006613282845388411,0.004063531481790999,0.00026676534144759115
73,0.004748831568860099,0.0018375625478412776,2.515644510393528e-05,0.005354619230447521,0.000551611277082941,0.9796489503595509,0.005789802344164658,0.0012575282183139394,0.0007859380086348184
74,0.003904242016772129,0.0042465307979559115,0.0027161851200631195,0.0007306493526192529,0.0008362278003468516,0.009281893376780773,0.007897948732858321,0.9640414606117566,0.00634486219084712
75,0.001845076834359897,0.0042465788474869,0.004669983179161913,0.03188895912391352,0.9246849196752622,0.026220017796729476,0.0035574738874015995,0.0020937213674430966,0.0007932692882416181
76,0.0013776126946086163,0.6133479194764997,0.205220849690725,0.171748327282965,0.0015822636667693647,0.0019935010955706776,0.0017272187998080778,0.0011148382555886056,0.0018874690374651969
77,0.015011744265744045,0.0012231170806687418,0.00012062369164686093,0.012078581223030889,0.0002722966999631843,0.9466772473047538,0.0030618316832008562,0.009519490155514268,0.012035067895477366
78,0.011275424586733243,0.10593540381752561,0.01912579113888391,0.001642880330191274,0.8384444952630344,0.002506789446238169,0.0038174413042569256,0.005872436479079182,0.011379337634057147
79,0.08771559249925229,0.03637629586091919,0.031804324059255894,0.0025281813855314887,0.0015386464034652949,0.05739189474534759,0.05359755734137635,0.7228913860555369,0.006156121649314981
80,0.0006982912583068872,0.5936245164551364,0.19830204699061907,0.2010196122841814,0.0013661986580062674,0.0018380584647825213,0.00088539689708282,0.0009669108439612412,0.0012989681479233797
81,0.0033664350534906486,0.15329450765106128,0.05514177634805797,0.03381988979195525,0.7214744453317161,0.0007728878342238424,0.022512807293487005,0.0029587580777000492,0.006658492618307836
82,0.0660306030856009,0.01970990473582678,0.026933032035571673,0.001888100451955115,0.004032956759868882,0.03314892618679998,0.005175600627200095,0.00633059625299571,0.8367502798641808
83,0.007326091592385804,0.843364957222905,0.027935472938115023,0.003569407249912155,0.002142385225593367,0.014725748584361775,0.009023540452086807,0.010174989619515481,0.08173740711512455
84,0.017598226484865132,0.004454935671381481,0.005712339931423498,0.0032471385569050747,0.0003365161200199786,0.03351908751983182,0.006015592891281012,0.9015011143638404,0.027615048460451496
85,0.20754180623112622,0.0026874147619751205,0.004796302586636235,0.0009661810413371121,0.0002460110109685757,0.0025307890083586973,0.011922367414407857,0.7585866564829997,0.010722471462190472
86,0.0018401376946254207,0.007185532456771112,0.0022439608263686,0.13537036714143091,0.00018620629270873254,0.8266990083929098,0.008341911238682564,0.0020402064634686278,0.016092669493034322
87,0.015742694997999147,0.027915520068779884,0.005949098914510683,0.008429296203023542,0.0004702348310779092,0.008310990888695031,0.004732758784148536,0.9236224587308126,0.0048269465809526076
88,0.0003941449406177616,0.5863522756789531,0.27922375018165235,0.12293317275577811,0.0006011651996344631,0.0009537590349194893,0.003097018033334986,0.0038118204741609814,0.002632893700948767
89,0.00452972667768694,0.5404391124368354,0.08861364053365388,0.2527141638257108,0.0003563171697075382,0.01957750310739736,0.022729199304931454,0.025594475055460857,0.04544586188861567
90,0.10356637782557603,0.014819711231260883,0.00824242352312365,0.003935868348989234,0.00207621697833361,0.018380419507463806,0.004990482191139908,0.03030245009483829,0.8136860502992745
91,0.1066816176985547,0.019120997328726786,0.01586683212769547,0.0018377356201754315,0.0013103404604900908,0.03552817816598564,0.00532034925525117,0.3824319966148944,0.43190195272822623
92,0.006359787803591166,0.5632644388695409,0.36406191057608067,0.0008346452722028316,0.0035788071312884587,0.013259355684567275,0.029997549793938674,0.01645043542457803,0.002193069444212148
93,0.03072161023500918,0.25557120263493793,0.42263674376396987,0.13938179156301286,0.0010913650647365993,0.007988075298763468,0.13885645192734872,0.0032601598922417374,0.0004925996199796376
94,0.007576310690720076,0.3346526660344733,0.3412147957579379,0.08336922317857644,0.0005154998670247389,0.020865798081122138,0.19821778704280707,0.0019191377855817915,0.011668781561756417
95,0.010938857004353328,0.03080499264559788,0.0042986423993703095,0.00039200431986543025,0.0003302479791266669,0.8685094756703486,0.015426217016845673,0.05788648047187224,0.011413082492619835
96,0.0018584700052681675,0.4207814394405205,0.4559459336863442,0.09188568623356701,0.009458302633869736,0.004851357736563591,0.00158704470675357,0.005456357093838487,0.008175408463274633
97,0.0015671411053199069,0.7155107634120674,0.14873138475454314,0.04847014663678975,0.00020770604981931273,0.019068353656424,0.05839257420778199,0.0014611895811162492,0.006590740596138139
98,0.0031156665950537034,0.016459951420037765,0.015646131655507503,0.005963104574134858,0.9354896689206892,0.0024387279777885297,0.004102565571681868,0.01529837015180268,0.0014858131333037642
99,0.01381837701443588,0.4214310862734956,0.30788626068032166,0.07212959901261362,0.0002210694328292758,0.00766662976645748,0.17288509784131165,0.0013068521253823623,0.002655027853152425
100,0.0007400542536404751,0.7560559547134851,0.20855737698416058,0.025712026632293744,0.003914180190541108,0.0003304800798089794,0.0010876949475657552,0.0017870079535212628,0.0018152242449828468
101,0.006798797249489329,0.8725581134947658,0.07769354593887896,0.015545981324349735,0.003022537150136956,0.0036307817443373717,0.013200861430400638,0.0029454609281071927,0.004603920739533946
102,0.014046699592844342,0.010630077589088384,0.00012871741355980604,0.003315545276627185,0.0004964776388035936,0.9370728385854579,0.012550008713983445,0.01989342213873634,0.0018662130508989819
103,0.0022905991146958955,0.00023302531568146633,0.0006587834992045359,0.02788829477243715,5.3687445598760706e-05,0.9395587034947065,0.024487730907995723,0.0027812115265394353,0.002047963923140384
104,0.0055996423137122196,8.238794944119612e-05,5.2848017249928915e-05,0.007911162207911035,0.0005156612682860433,0.9670720741651001,0.007400155204615215,0.01023588307046177,0.0011301858032224063
105,0.004684100460625042,0.45625432516830516,0.12531519604175517,0.26728647038503434,0.00013897102577942663,0.05283314263094628,0.08839480260043937,0.000960913921253442,0.004132077765861807
106,0.18995810585204762,0.07126332498445614,0.01911532128660247,0.008897253466694491,0.000513665125544944,0.37452338648222294,0.018703616533847153,0.22468614103623713,0.09233918523234722
107,0.0003209460152094086,0.005820106048404794,0.004377089671279732,0.0002995249593092571,0.0005371821207596603,0.9843068212787568,0.003927658006308521,9.265053860460876e-05,0.00031802136136723435
108,0.0001176863835534149,0.44577475707785064,0.43753805741255747,0.11390313755951148,0.0006836248763196531,0.0003947097260523475,0.0009951592919842309,0.00048631285032060026,0.00010655482184985682
109,0.0771923107263007,0.0012137033612294342,0.001740837008129528,8.687643025612264e-05,0.0009225128628799202,0.8625996328600871,0.03959410529984858,0.016582708669121128,6.731278214750455e-05
110,0.009047291340448904,0.012932003340372311,0.023555501302128475,0.010644779550346546,0.00019985732116981655,0.2534979357667361,0.5480287930432913,0.14173403653779792,0.00035980179770857994
111,0.005176563590101306,0.0027200667682936563,0.00024883089596619085,0.0007789342367895604,0.000918654568492907,0.9149231799137095,0.0049255929105100765,0.06824501909249044,0.002063158023646266
112,0.000954009009985764,0.1064891317465295,0.009509108382461781,0.018119402269425763,0.0011018735054750784,0.823129580232369,0.013519653140602652,0.018869422900193757,0.008307818812956556
113,0.0003972422784555314,0.14200328718746952,0.030095935192687957,0.01392534709328743,0.0006766495554687055,0.0007115644241050504,0.008638411619143818,0.8019832667773552,0.0015682958720269053
114,0.0006137083194408156,0.6818317747506074,0.2337468140160421,0.07594727622233621,0.0018316187970027799,0.0006620342598023225,0.0010879221862395675,0.0017745945201777936,0.002504256928351095
115,0.010037580350828027,0.43398444574833983,0.35036254813407736,0.11411812875308162,0.00036420948536358303,0.010111458398537072,0.07920876866896152,0.0012855194587774231,0.0005273410020336937
116,0.002533338075394121,0.0021209615162826874,0.004654192087232817,0.0009483895759222505,0.001337868941349959,0.9833708645563204,0.0012116953604885186,0.002802143380175982,0.0010205465068332273
117,0.00023888423225483865,0.6785234371952578,0.17932500059567094,0.13558734866088762,0.0009617013072228293,0.0005588456256154881,0.001091567977028573,0.002215283924840636,0.0014979304812217026
118,0.0009316947508517495,0.8018451396361239,0.12304604984004183,0.04678919950519072,0.001666369380352169,0.002209638861767362,0.0023793167894327547,0.007166631087596168,0.013965960148643356
119,0.002497889069441972,0.4691199464830802,0.4724736280517774,0.045594348065455995,0.0023687818188446405,0.0008438203247579138,0.003994912443527729,0.0024562085144881236,0.0006504652286257334
120,0.0038609781864391993,0.8125664605019056,0.13511779993546472,0.017426426013192463,0.002146531998913681,0.0017868741238769592,0.008072197329237432,0.006168732852397902,0.012853999058572136
121,0.08483300175951237,0.039143858266977666,0.11113214467356071,0.0007008563738366826,3.6772359481895944e-05,0.01541532901888257,0.4512377673402368,0.2923043583961585,0.005195911811352657
122,0.0003278953635097058,0.6221067480809753,0.3279467281311784,0.0460310839026218,0.0011188222346572886,0.00021126563074410495,0.0009818573182357494,0.0008391251702649484,0.0004364741678125231
123,0.00026084304894919596,0.011431742879255415,0.004251519491114652,0.000308004461999781,0.000463482196974263,0.9781486220705593,0.004639857372191941,0.00011149957498884125,0.0003844289039666029
124,0.004170106165062529,0.0031296925735905855,0.011424196668235118,0.0014047810519737278,0.00047410178559314836,0.968267227657941,0.0012282131410811471,0.006716850031458898,0.0031848309250638814
125,0.00030559379714241837,0.009506100779848314,0.006245919605541393,0.00040241631676025394,0.000525496488297702,0.977312250673644,0.005157842490317368,0.00014974695642160703,0.0003946328920270135
126,0.005913159211080599,0.0004782245443483798,4.557694300892177e-05,0.007189076449226531,0.0002773591637861622,0.8917789801902373,0.005632208069690001,0.0018405812259490056,0.08684483420267317
127,0.003873611783208565,0.7991305545584017,0.14692362962908448,0.02282274950438899,0.0003002375465493809,0.0022383106681468463,0.019729569412587158,0.004241133589444883,0.0007402033081880135
128,0.001460967289110618,0.001073322124711321,0.00013063065442680386,0.0014144391684199082,0.0005795019293020446,0.986321538760319,0.003994671012764159,0.002964080737741585,0.002060848323204603
129,0.0002592912880924447,0.001091721306182118,0.0038009052647800905,0.0002972983818474973,0.00020198314114191682,0.9840836187638761,0.0013002995292032615,0.008652654468460516,0.00031222785641622455
130,0.05403649119899415,0.4226817598443031,0.2439959324646682,0.004957089603315389,0.0009291296120377153,0.09408787932462966,0.0791557943175451,0.07873345399361882,0.021422469640887915
131,0.0014699676861500964,0.6237308672861848,0.19196422478789374,0.17398043958879808,0.0029818850759141557,0.0017811505651259285,0.0013051351657377651,0.0013653130720098525,0.0014210167721857207
132,0.0009247315120322425,0.7931354458960549,0.12105196480930273,0.07467101607452863,0.0014114116512272319,0.0025921606332336734,0.002856441827414498,0.001222058588852214,0.002134769007353754
133,0.003968034884474887,0.8813114730608743,0.07969441690742703,0.008868796933184687,0.003320905126894757,0.0012457016256707018,0.005029393328344934,0.003700267548004654,0.012861010585124136
134,0.0007695022834813787,0.6941535419116339,0.1998806987216804,0.09647864644888268,0.0010224881055223751,0.0013777570350614237,0.0014649467787990107,0.002037388223225919,0.002815030491712906
135,0.001513724589211383,0.6156773079837505,0.1322502233319394,0.2394505624049542,0.003106595191073037,0.0033335039705022678,0.0013131175945110185,0.0013623810586529785,0.0019925838754050853
136,0.0010529903098384392,0.0011025537555268792,0.0002012894122901572,0.06643762020628681,0.0005934835543483688,0.922319505297842,0.003495210717185272,0.0015356450658508922,0.0032617016808309638
137,0.006864243843931412,0.0010956811951951598,0.0014486373077213044,0.00010564357573925921,0.00017068045805111216,0.8635959306534149,0.12060371903115268,0.0027865092312762767,0.0033289547035179447
138,0.05043425153652676,0.002653586073932361,0.0009526541370426298,0.004834935573161724,0.0006284456380600615,0.3549366880496018,0.012999982820456477,0.003116829728700344,0.5694426264425179
139,0.0018973224691624226,0.01695543940910334,0.007693693154895903,0.0005209847235829939,0.0008579129231557694,0.944694529021492,0.002462609121896143,0.01730468643051538,0.007612822746196116
140,0.000624802895664216,0.5499430588033415,0.3862375653868268,0.05203976682628057,0.005961253815660788,0.0017393576039169206,0.0013665786307202447,0.0018003078110829982,0.0002873082265061561
141,0.0004451704915686852,0.05261667438617501,0.46325476934974397,0.10530685327377284,9.332685235853295e-05,0.007023892630985268,0.3586911013361122,0.0016316998475795273,0.010936511831703886
142,0.1335283521054052,0.02332612671560398,0.026988844244524343,0.050900815330389405,0.0011115374495618508,0.3745499741829484,0.09028246723765222,0.2987193716749835,0.0005925110589311064
143,0.010396931309331557,0.412834857675266,0.4458541227271585,0.0006796795602377569,0.0035456498606894872,0.014492648484914543,0.06258162134279334,0.047830906148475294,0.0017835828911335547
144,0.0045038679327991556,0.0009936403122999932,1.4169403883461622e-05,0.04428958623560553,0.00034357853821566484,0.9398543539843444,0.008743508400445988,0.0003796452849016695,0.0008776499075040425
145,0.035735093531114974,0.007207655989205736,0.007293040322366381,0.002852275908333271,0.0005167151024058013,0.030166525622879803,0.006363640634638521,0.8784213164156149,0.031443736473440606
146,0.01882663328462707,0.006953723146261478,0.0058480400594711395,0.001540750904851828,0.011431244363980414,0.25469327567480227,0.004144293051859328,0.6694783186817841,0.02708372083236252
147,0.0022564458472024997,0.7343659397688106,0.1840462311865048,0.05233016550197391,0.0058433235806593705,0.0047379511113729515,0.0023714981839567766,0.0010752075507588369,0.012973237268760235
148,0.003958582414276632,0.6951334160183888,0.11651470911339874,0.12404960685958379,0.0005043885591861512,0.002338563643093633,0.04513102353721302,0.0015992703634889636,0.010770439491370297
149,0.006539977211626268,0.023078387914311327,0.005869504464909333,0.0029030471402244017,0.0011552541971854527,0.9217900725121964,0.00365264571535233,0.01811432630573084,0.016896784538463758
150,0.002935123704399814,0.00015461429892717616,6.883837556296046e-06,0.07731785778957577,0.00013826849445868966,0.9141539855065969,0.003889091563642021,0.0006347897317319613,0.0007693850731115485
151,0.002124338704404263,0.008643824044011478,0.0404672928914939,0.0022133367437517744,0.00046086459497491283,0.916420958349825,0.0032118450062887083,0.022239155311665097,0.004218384353584917
152,0.0008819629667854262,0.0010681017630223375,0.00036507875063607014,0.001693581192671152,0.0004608464032972138,0.9923011851121111,0.001031575627092662,0.0016220860379271879,0.0005755821464567865
153,0.010270211234927747,0.0046826218414704746,5.452559761784709e-05,0.0038856188844603005,0.0009831983871440237,0.9616388956777417,0.004156692918086106,0.010456251885469241,0.0038719835730825426
154,0.04864964786798003,0.10442805072152132,0.003992544690917922,0.002172091570676019,0.008110467998766455,0.04185006352307511,0.0011726372223601473,0.07038052123369895,0.719243975171004
155,0.0014718842146234793,0.776904655936739,0.15046735609231993,0.05272557584696441,0.0009152841597629735,0.0020079257766758216,0.009136707724557182,0.001376712966285782,0.004993897282071277
156,0.000953216397586862,0.7649267056635282,0.15316301774200955,0.06696077749777785,0.0014035110906404935,0.0016428940364891353,0.005027777035668669,0.0016264050000155464,0.004295695536283756
157,0.0008055200167691964,0.7995212086886732,0.08283570598368614,0.09197167818391508,0.0076838345020054395,0.003810757299598669,0.005717636339127113,0.004199825029273332,0.0034538339569516936
158,0.002672995107314253,0.6926374025863248,0.1869204769084151,0.10826392741656472,0.0013686597828847294,0.0014579061448922585,0.002821423989852792,0.0020017947956511273,0.001855413268100385
159,0.1650880975372809,0.02308066410620175,0.003611610330175001,0.002056255011331982,0.0010047304470992835,0.6743967655886487,0.06273468982955892,0.035757104624352914,0.032270082525350595
160,0.000360239748960599,0.8089684689341031,0.10971085595215449,0.06848937438167146,0.0005353532178029072,0.003661088939708917,0.005275106170307235,0.0007904998834289541,0.002209012771862113
161,0.0010446718592696182,0.6180780118249755,0.34569056847447327,0.0030384689409931995,0.0058824106287122,0.008711994206995137,0.0025433806632916547,0.014022037527064572,0.0009884558742251012
162,0.00035448290905700793,0.5559564157782896,0.33574190065814147,0.10240806871316342,0.0024807822078414237,0.00018356577155421815,0.0019032783901471169,0.0007837291416733393,0.00018777643013251913
163,0.0008152035560498436,0.7220641476416789,0.1845058819954935,0.08854958496365087,0.000748463158910832,0.00040394448375112433,0.0016092659099678564,0.0006085913241704382,0.0006949169663265816
164,0.01959719615733645,0.001974878562215651,6.638226355766314e-05,0.0003983937258830408,0.00040573479130623645,0.9546532460041188,0.013760605711639562,0.0076695248364331324,0.0014740379475096945
165,0.0003215416867700571,0.0031075014664254897,0.005118705107291357,0.00019388527254569747,0.000191948880766681,0.9108961832074024,0.004071900589701399,0.07567817115208199,0.0004201626370148813
166,0.0721840589354395,0.00182088585160786,0.0026809592159083404,0.0015034641544083803,0.00015731632907919348,0.0028606986687338934,0.017625888970758587,0.8946406922374922,0.006526035636572066
167,0.001696498533600389,0.22623806470306512,0.3407391291068347,0.08230842183258504,8.154239527535252e-05,0.0200462788378295,0.327431092781938,0.00030156520376968364,0.001157406605102422
168,0.0025302877335724103,0.5581014018432208,0.4024818351634838,0.022817902223014556,0.0008990932582613304,0.0002030121220067456,0.003302952578866818,0.004994284711783805,0.004669230365789822
169,0.00023751475620709635,0.5674502290097185,0.31406493768944505,0.11444229248518353,0.0018324103043742834,0.00020956129772332959,0.0006474650381117391,0.00020336089665254342,0.0009122285225839905
170,0.0009362460361829915,0.7869018121021195,0.165004192199664,0.03592367502335348,0.0015977371900959116,0.0013843632542635024,0.0027852305905819723,0.0008295045919258988,0.004637239011812683
171,0.0009529450320100119,0.001387265865086229,0.004381235945224114,0.0004510422922095752,0.0007312517605798671,0.9879814247870051,0.0007665151137923352,0.002547989585169953,0.0008003296189228211
172,0.0012818772949595852,0.785329815436186,0.16648545649167498,0.03555969437683761,0.0022993228964414865,0.000692206939880655,0.004991201463880569,0.0015252784813934645,0.0018351466187455873
173,0.0017271011860009655,0.42278738871945254,0.34477178507191875,0.21015759133666673,0.00030963559725284554,0.0013367178203082945,0.0183012066499579,0.0003001266451568996,0.0003084469732851728
174,0.009749400450372873,0.7662008717895589,0.153671954111693,0.01477184538289887,0.0026338542880090412,0.0028224872096793323,0.04749174746602853,0.0009824154109810083,0.0016754238907784802
175,0.003785024704301471,0.03760520122633817,0.005852132906610951,0.014358132467450452,0.9270219424125462,0.003233913993832905,0.002323308666336467,0.003662556801305729,0.002157786821277585
176,0.00572784015390932,0.06813928787913347,0.03136844790223489,0.008833633599741129,0.8570440152691012,0.008418501045172968,0.013102904871673466,0.005380437183902827,0.001984932095130669
177,0.00039669399845426614,0.0015301473796129623,0.007858488942744065,0.0007120285455040324,0.0006982264489105799,0.0025001116784364188,0.009059174480874102,0.9746443157681451,0.0026008127573182694
178,0.007808783311813822,0.0006594439673911755,2.218569753621457e-05,0.002531797278886166,0.00033152427143162813,0.8673843758203231,0.0045030818326427325,0.11361513782864584,0.0031436699913292045
179,0.04261674091695276,0.008137556075102068,0.004375496160679709,0.00096197563433139,0.001812446081476718,0.09160479965165937,0.015228966579187512,0.012595236352777522,0.8226667825478329
180,0.0030227760955249872,0.7452425216771139,0.10424913445621341,0.12637241183231948,0.009128312643239,0.0016458558067918374,0.004390673188130274,0.0028824984343998,0.0030658158662670875
181,0.063192873616846,0.5937604526935164,0.061955704663967395,0.0014333325523886867,0.005486837051653752,0.03536163565632769,0.052359954990885436,0.025686619566619794,0.16076258920779482
182,0.0008998037071317343,0.002139505543194608,0.0048891986142564495,0.0005823044008873901,0.000250445016650061,0.987351449141157,0.001005439785098744,0.0017080062352828112,0.0011738475563411778
183,0.0006715734660364746,0.7237772293748485,0.15905169856357365,0.10831369297026616,0.0024102474669384357,0.0012503726432403924,0.0008640820871160715,0.0018959348658999274,0.0017651685620803969
184,0.003276089337338829,0.7793330405277263,0.15550918595143984,0.044361353380597025,0.0007592053867387147,0.0017281274032195863,0.0073080218288478355,0.004543132993893058,0.003181843190198899
185,0.013048627491240436,0.04333044938580506,0.5014523712053183,0.004421696079990558,2.5987184638240434e-05,0.047910268161000046,0.16344872792790455,0.1763706563132984,0.04999121625080459
186,0.0008021044415601656,0.5562464181294798,0.2593118137579334,0.14423774535550335,0.00016327660888638325,0.0037537817189377816,0.011364573652380722,0.02265464348652518,0.0014656428487932298
187,0.0009209876331581432,0.0030633677998676205,0.001386321532932358,0.00034687152420518155,0.0009040164929521892,0.006142351124533004,0.0025364282252057497,0.9801310028463052,0.004568652820840665
188,0.0057668600708653305,0.0068712065555823045,0.0038073340879081654,0.00021324604700763766,0.0009388223812768625,0.18055082882989207,0.008321155772031128,0.7803213482717051,0.01320919798373131
189,0.005015084194914418,0.0064011992875659006,0.0006908469491197822,0.016422216675692807,0.00019985451809847275,0.9652660250490999,0.00418909071094483,0.0010865559359314934,0.0007291266786323084
190,0.022510742081867784,0.7279893654148574,0.1754133879021449,0.01286992145112012,0.0011516000541581348,0.007102557360482267,0.04981662157896178,0.0018290903916885317,0.0013167137647193245
191,0.02012466702282736,0.005067851086696732,0.005574306103182314,0.0033613490155160243,0.00036254594714018684,0.0885782755496175,0.0042059610551865335,0.8526953503300448,0.02002969388978853
192,0.0034304923318865216,0.0027374686163644797,0.005553572086794136,0.003409156461648449,0.00018957726149451565,0.9710641415550879,0.0017787052893866449,0.008907529949378558,0.0029293564479586968
193,0.0013809537442875546,0.0018347658168816284,0.01219504859801421,0.0028402676239441976,0.0004229400302757391,0.9748626312349001,0.002333287462905217,0.0021699788241816673,0.0019601266646097747
194,0.0056445971603660125,0.39745370457786927,0.4723400644666894,0.0010953651653669058,0.00716364603749157,0.03004828308204563,0.037079388852542965,0.04784866427731014,0.0013262863803181527
195,0.0008842221411995615,0.5537555591052243,0.28920295805240526,0.151146111867969,0.0005130866818843762,0.000553265815863339,0.0022277725086766622,0.0010376702002479832,0.0006793536265294498
196,0.02216269001728808,0.000911984122437319,0.0002367690010148589,0.0005280594850841674,3.6242841234904995e-05,0.9206063309466933,0.04328791456886444,0.010736843206326136,0.0014931658110568025
197,0.008256121023502441,0.006235239709050037,3.723966293586983e-05,0.001022759522305173,0.0005400622903994132,0.9668860028893355,0.01164333625619323,0.003557063263271867,0.001822175383006579
198,0.013392180765616078,0.001529491529238614,3.75312723840921e-05,0.0018798062789769493,0.0003042556708696788,0.9688774918301153,0.008452777422796452,0.0005459827884395776,0.004980482441563348
199,0.001612785522839483,0.7695919302915217,0.04250903997330466,0.07106522477993239,0.009196670059872649,0.0012537509835139535,0.004583938812299164,0.0010646909120638841,0.09912196866465209
200,0.02320513368904208,0.7435898796057615,0.1528799854203872,0.008742145973919237,0.005125920861417481,0.013681710916347251,0.0200820089819367,0.012886931384935229,0.019806283166253023
201,0.003078845293795283,0.032668631687242586,0.02199623188915561,0.0062971943914578495,0.9229881390630545,0.0027521454772286855,0.004376375254825376,0.004247568007746503,0.0015948689354937195
202,0.004585639294285195,0.007979925029703443,0.002804481950745944,0.0009627982362853573,0.001382284841323835,0.9576518118825734,0.0023020301549879258,0.01682530735597708,0.00550572125411763
203,0.00244893844574137,0.0005396226534918809,0.0020387138839428483,0.0006277043404295945,0.0003753284462915466,0.018413284199196658,0.007127341635702043,0.9661547414029751,0.0022743249922290132
204,0.04422674469551601,0.0033330024355063682,0.039217463981884526,0.0037685749699227916,0.000449091176598408,0.014803728010298854,0.0032160709977512186,0.07145058459589382,0.8195347391366281
205,0.0035120451359489636,0.005525788299867334,0.00923852110555349,0.0001742431258678747,0.00026502920857851884,0.41303761967408986,0.004088388527168969,0.5606361602168748,0.003522204706050138
206,0.007296410549787767,0.9070576174458308,0.02672485494484551,0.020661773747560397,0.0006830326174803961,0.0014913607458041313,0.0015894712287845105,0.0023658273801790025,0.032129651339727464
207,0.012011382916736958,0.0015954933402545835,0.0044960739119944484,0.0021322242695922893,0.0002462757177358543,0.12787980306622318,0.0030490580058884736,0.7331841602427942,0.11540552852878005
208,0.0017961002368992454,0.002385949721417239,3.5403156905972745e-05,0.008764296079763027,0.00040438664283133554,0.9778252958015095,0.007496021959596193,0.0006691530389222317,0.0006233933621553681
